# idle
60 - 0 0 0 0
# push 1
6 a 0 0 0 0
40 - 0 0 0 0
6 a 0 0 0 0
40 - 0 0 0 0
# bail 1
3 l3+r3 0 0 0 0 1 1
420 - 0 0 0 0
# push 2
6 a 0 0 0 0
40 - 0 0 0 0
6 a 0 0 0 0
40 - 0 0 0 0
# bail 2
3 l3+r3 0 0 0 0 1 1
420 - 0 0 0 0
# push 3
6 a 0 0 0 0
40 - 0 0 0 0
6 a 0 0 0 0
40 - 0 0 0 0
# bail 3
3 l3+r3 0 0 0 0 1 1
420 - 0 0 0 0
# push 4
6 a 0 0 0 0
40 - 0 0 0 0
6 a 0 0 0 0
40 - 0 0 0 0
# bail 4
3 l3+r3 0 0 0 0 1 1
420 - 0 0 0 0
# push 5
6 a 0 0 0 0
40 - 0 0 0 0
6 a 0 0 0 0
40 - 0 0 0 0
# bail 5
3 l3+r3 0 0 0 0 1 1
420 - 0 0 0 0
# end
