# spawn marker (LB + D-pad down, run once right after the demo-path boot)
6 lb+down 0 0 0 0
60 - 0 0 0 0
# return 1
90 lb+up 0 0 0 0
120 - 0 0 0 0
6 a 0 0 0 0
40 - 0 0 0 0
6 a 0 0 0 0
40 - 0 0 0 0
10 - -1 0 0 0
40 - 0 0 0 0
1 - 1 0 0 0
6 a 0 0 0 0
40 - 0 0 0 0
6 a 0 0 0 0
40 - 0 0 0 0
6 a 0 0 0 0
40 - 0 0 0 0
15 - 0 0 0 0
12 - 0 0 0 -1
# grind 1
5 - 0 0 0 1
300 - 0 0 0 0
# return 2
90 lb+up 0 0 0 0
120 - 0 0 0 0
6 a 0 0 0 0
40 - 0 0 0 0
6 a 0 0 0 0
40 - 0 0 0 0
10 - -1 0 0 0
40 - 0 0 0 0
1 - 1 0 0 0
6 a 0 0 0 0
40 - 0 0 0 0
6 a 0 0 0 0
40 - 0 0 0 0
6 a 0 0 0 0
40 - 0 0 0 0
15 - 0 0 0 0
12 - 0 0 0 -1
# grind 2
5 - 0 0 0 1
300 - 0 0 0 0
# return 3
90 lb+up 0 0 0 0
120 - 0 0 0 0
6 a 0 0 0 0
40 - 0 0 0 0
6 a 0 0 0 0
40 - 0 0 0 0
10 - -1 0 0 0
40 - 0 0 0 0
1 - 1 0 0 0
6 a 0 0 0 0
40 - 0 0 0 0
6 a 0 0 0 0
40 - 0 0 0 0
6 a 0 0 0 0
40 - 0 0 0 0
15 - 0 0 0 0
12 - 0 0 0 -1
# grind 3
5 - 0 0 0 1
300 - 0 0 0 0
# return 4
90 lb+up 0 0 0 0
120 - 0 0 0 0
6 a 0 0 0 0
40 - 0 0 0 0
6 a 0 0 0 0
40 - 0 0 0 0
10 - -1 0 0 0
40 - 0 0 0 0
1 - 1 0 0 0
6 a 0 0 0 0
40 - 0 0 0 0
6 a 0 0 0 0
40 - 0 0 0 0
6 a 0 0 0 0
40 - 0 0 0 0
15 - 0 0 0 0
12 - 0 0 0 -1
# grind 4
5 - 0 0 0 1
300 - 0 0 0 0
# return 5
90 lb+up 0 0 0 0
120 - 0 0 0 0
6 a 0 0 0 0
40 - 0 0 0 0
6 a 0 0 0 0
40 - 0 0 0 0
10 - -1 0 0 0
40 - 0 0 0 0
1 - 1 0 0 0
6 a 0 0 0 0
40 - 0 0 0 0
6 a 0 0 0 0
40 - 0 0 0 0
6 a 0 0 0 0
40 - 0 0 0 0
15 - 0 0 0 0
12 - 0 0 0 -1
# grind 5
5 - 0 0 0 1
300 - 0 0 0 0
# end
