# idle
120 - 0 0 0 0
# push 1
6 a 0 0 0 0
40 - 0 0 0 0
# push 2
6 a 0 0 0 0
40 - 0 0 0 0
# push 3
6 a 0 0 0 0
40 - 0 0 0 0
# push 4
6 a 0 0 0 0
40 - 0 0 0 0
# push 5
6 a 0 0 0 0
40 - 0 0 0 0
12 - 0 0 0 -1
# ollie 1
5 - 0 0 0 1
130 - 0 0 0 0
# push again 1
6 a 0 0 0 0
40 - 0 0 0 0
12 - 0 0 0 -1
# ollie 2
5 - 0 0 0 1
130 - 0 0 0 0
# push again 2
6 a 0 0 0 0
40 - 0 0 0 0
12 - 0 0 0 -1
# ollie 3
5 - 0 0 0 1
130 - 0 0 0 0
# push again 3
6 a 0 0 0 0
40 - 0 0 0 0
12 - 0 0 0 -1
# ollie 4
5 - 0 0 0 1
130 - 0 0 0 0
# push again 4
6 a 0 0 0 0
40 - 0 0 0 0
12 - 0 0 0 -1
# ollie 5
5 - 0 0 0 1
130 - 0 0 0 0
# push again 5
6 a 0 0 0 0
40 - 0 0 0 0
# end
